0 1 1    7.6060701000000008e-02   -9.3500000000000000e-02    0.0000000000000000e+00   -8.7724963709514341e+03
0 2 2    7.6065662000000006e-02   -9.1756213000000003e-02    0.0000000000000000e+00   -8.7669605241448189e+03
0 3 3    7.6080541000000002e-02   -9.0014146000000003e-02    0.0000000000000000e+00   -8.7624987565024367e+03
0 4 4    7.6105323000000002e-02   -8.8275519999999996e-02    0.0000000000000000e+00   -8.7511509248520888e+03
0 5 5    7.6139984000000008e-02   -8.6542048999999996e-02    0.0000000000000000e+00   -8.7281619555038633e+03
0 6 6    7.6184489000000008e-02   -8.4815445000000003e-02    0.0000000000000000e+00   -8.6960900907868254e+03
0 7 7    7.6238793999999999e-02   -8.3097411999999996e-02    0.0000000000000000e+00   -8.6692914082664429e+03
0 8 8    7.6302847000000007e-02   -8.1389644999999997e-02    0.0000000000000000e+00   -8.6234744694659203e+03
0 9 9    7.6376583000000012e-02   -7.9693828999999994e-02    0.0000000000000000e+00   -8.5821485112313894e+03
0 10 10    7.6459929000000010e-02   -7.8011637999999994e-02    0.0000000000000000e+00   -8.5321013958892745e+03
0 11 11    7.6552805000000002e-02   -7.6344732999999998e-02    0.0000000000000000e+00   -8.4674484043612065e+03
0 12 12    7.6655117000000009e-02   -7.4694758000000000e-02    0.0000000000000000e+00   -8.4071444382969548e+03
0 13 13    7.6766766000000000e-02   -7.3063341000000004e-02    0.0000000000000000e+00   -8.3385518026546069e+03
0 14 14    7.6887640000000007e-02   -7.1452091999999995e-02    0.0000000000000000e+00   -8.2544817483048755e+03
0 15 15    7.7017621000000008e-02   -6.9862602999999995e-02    0.0000000000000000e+00   -8.1746344761969276e+03
0 16 16    7.7156580000000002e-02   -6.8296440000000000e-02    0.0000000000000000e+00   -8.0866925479472684e+03
0 17 17    7.7304380000000006e-02   -6.6755150999999999e-02    0.0000000000000000e+00   -7.9828946866992328e+03
0 18 18    7.7460876000000012e-02   -6.5240254999999997e-02    0.0000000000000000e+00   -7.8819052244505901e+03
0 19 19    7.7625912000000005e-02   -6.3753247999999998e-02    0.0000000000000000e+00   -7.7738807267638895e+03
0 20 20    7.7799326000000002e-02   -6.2295598000000001e-02    0.0000000000000000e+00   -7.6559498175640674e+03
0 21 21    7.7980947000000009e-02   -6.0868743000000003e-02    0.0000000000000000e+00   -7.5249082612230868e+03
0 22 22    7.8170596000000009e-02   -5.9474091000000000e-02    0.0000000000000000e+00   -7.3966030326511245e+03
0 23 23    7.8368084000000005e-02   -5.8113018000000002e-02    0.0000000000000000e+00   -7.2598082921924997e+03
0 24 24    7.8573219000000000e-02   -5.6786867999999997e-02    0.0000000000000000e+00   -7.1120716267644157e+03
0 25 25    7.8785796000000005e-02   -5.5496948999999997e-02    0.0000000000000000e+00   -6.9502005209089866e+03
0 26 26    7.9005607000000005e-02   -5.4244535000000003e-02    0.0000000000000000e+00   -6.7908821960198911e+03
0 27 27    7.9232434000000004e-02   -5.3030861999999998e-02    0.0000000000000000e+00   -6.6217315637847232e+03
0 28 28    7.9466054000000008e-02   -5.1857126000000003e-02    0.0000000000000000e+00   -6.4421000196159930e+03
0 29 29    7.9706236000000000e-02   -5.0724486999999999e-02    0.0000000000000000e+00   -6.2436617222345885e+03
0 30 30    7.9952742000000007e-02   -4.9634062000000000e-02    0.0000000000000000e+00   -6.0465687001449523e+03
0 31 31    8.0205330000000005e-02   -4.8586928000000001e-02    0.0000000000000000e+00   -5.8384480524435166e+03
0 32 32    8.0463751000000000e-02   -4.7584117000000002e-02    0.0000000000000000e+00   -5.6196418697032368e+03
0 33 33    8.0727749000000001e-02   -4.6626620000000001e-02    0.0000000000000000e+00   -5.3859767718450003e+03
0 34 34    8.0997063000000008e-02   -4.5715380999999999e-02    0.0000000000000000e+00   -5.1190945403063615e+03
0 35 35    8.1271429000000006e-02   -4.4851299999999997e-02    0.0000000000000000e+00   -4.8689625427953797e+03
0 36 36    8.1550575000000000e-02   -4.4035229000000002e-02    0.0000000000000000e+00   -4.5953108015204552e+03
0 37 37    8.1834226000000010e-02   -4.3267974000000001e-02    0.0000000000000000e+00   -4.3061761878240886e+03
0 38 38    8.2122101000000003e-02   -4.2550292000000003e-02    0.0000000000000000e+00   -3.9989898089778740e+03
0 39 39    8.2413918000000003e-02   -4.1882890999999998e-02    0.0000000000000000e+00   -3.5972788967041070e+03
0 40 40    8.2709387000000009e-02   -4.1266430000000000e-02    0.0000000000000000e+00   -3.2864087819376641e+03
0 41 41    8.3008217000000009e-02   -4.0701517000000000e-02    0.0000000000000000e+00   -2.9212389571175404e+03
0 42 42    8.3310113000000005e-02   -4.0188710000000002e-02    0.0000000000000000e+00   -2.5367137415762381e+03
0 43 43    8.3614778000000001e-02   -3.9728513999999999e-02    0.0000000000000000e+00   -2.1328509271639105e+03
0 44 44    8.3921911000000002e-02   -3.9321385000000000e-02    0.0000000000000000e+00   -1.7097327700655367e+03
0 45 45    8.4231208000000002e-02   -3.8967723000000003e-02    0.0000000000000000e+00   -1.2723684988056591e+03
0 46 46    8.4542364000000009e-02   -3.8667879000000002e-02    0.0000000000000000e+00   -8.3667788095500146e+02
0 47 47    8.4855073000000003e-02   -3.8422146999999997e-02    0.0000000000000000e+00   -4.9335989217836334e+02
0 48 48    8.5169025000000009e-02   -3.8230769999999997e-02    0.0000000000000000e+00   -2.3236656385520277e+02
0 49 49    8.5483911000000010e-02   -3.8093937000000001e-02    0.0000000000000000e+00   -2.4705630890303347e+01
0 50 50    8.5799420000000001e-02   -3.8011783000000000e-02    0.0000000000000000e+00    1.2032948862395767e+02
0 51 51    8.5957213000000005e-02   -3.7991246999999999e-02    0.0000000000000000e+00    1.7270989855802631e+02
0 52 52    1.2972214999999998e-01   -3.4192827000000002e-02    0.0000000000000000e+00    1.0228567848334935e+03
0 53 53    1.3086167999999998e-01   -3.4086109000000003e-02    0.0000000000000000e+00    1.1089345460448405e+03
0 54 54    1.3254428999999998e-01   -3.3899711999999999e-02    0.0000000000000000e+00    1.2675806901550311e+03
0 55 55    1.3421684000000000e-01   -3.3679859999999999e-02    0.0000000000000000e+00    1.4393777548893781e+03
0 56 56    1.3587768000000000e-01   -3.3426770000000001e-02    0.0000000000000000e+00    1.6074404934570164e+03
0 57 57    1.3752518000000000e-01   -3.3140691999999999e-02    0.0000000000000000e+00    1.7782240637903390e+03
0 58 58    1.3915771999999998e-01   -3.2821907999999997e-02    0.0000000000000000e+00    1.9229440718111211e+03
0 59 59    1.4077366999999999e-01   -3.2470733000000002e-02    0.0000000000000000e+00    2.0577301625973578e+03
0 60 60    1.4237143999999999e-01   -3.2087512999999998e-02    0.0000000000000000e+00    2.1957277000630288e+03
0 61 61    1.4394946000000000e-01   -3.1672627000000002e-02    0.0000000000000000e+00    2.3080219741161159e+03
0 62 62    1.4550616999999999e-01   -3.1226482999999999e-02    0.0000000000000000e+00    2.4078742542232262e+03
0 63 63    1.4704003999999998e-01   -3.0749523000000001e-02    0.0000000000000000e+00    2.4973355808375923e+03
0 64 64    1.4854953999999998e-01   -3.0242216999999998e-02    0.0000000000000000e+00    2.5881994214701558e+03
0 65 65    1.5003319999999998e-01   -2.9705064999999999e-02    0.0000000000000000e+00    2.6532405210947281e+03
0 66 66    1.5148953999999998e-01   -2.9138598000000002e-02    0.0000000000000000e+00    2.7058291804075798e+03
0 67 67    1.5291712999999998e-01   -2.8543374999999999e-02    0.0000000000000000e+00    2.7478984624711766e+03
0 68 68    1.5431455999999999e-01   -2.7919982999999999e-02    0.0000000000000000e+00    2.7902794403251683e+03
0 69 69    1.5568045000000000e-01   -2.7269036999999999e-02    0.0000000000000000e+00    2.8083749624034576e+03
0 70 70    1.5701345999999999e-01   -2.6591179999999999e-02    0.0000000000000000e+00    2.8146499576517595e+03
0 71 71    1.5831225999999998e-01   -2.5887080999999999e-02    0.0000000000000000e+00    2.8109037965416328e+03
0 72 72    1.5957557999999999e-01   -2.5157433999999999e-02    0.0000000000000000e+00    2.8077892278057375e+03
0 73 73    1.6080216999999999e-01   -2.4402960000000001e-02    0.0000000000000000e+00    2.7823730960243697e+03
0 74 74    1.6199080999999999e-01   -2.3624402999999999e-02    0.0000000000000000e+00    2.7461097756802610e+03
0 75 75    1.6314033999999999e-01   -2.2822532000000000e-02    0.0000000000000000e+00    2.7006565161558956e+03
0 76 76    1.6424962999999998e-01   -2.1998137000000001e-02    0.0000000000000000e+00    2.6471908084287606e+03
0 77 77    1.6531756000000000e-01   -2.1152033000000001e-02    0.0000000000000000e+00    2.5949887938022389e+03
0 78 78    1.6634310999999999e-01   -2.0285055000000000e-02    0.0000000000000000e+00    2.5228863030520724e+03
0 79 79    1.6732523999999999e-01   -1.9398057999999999e-02    0.0000000000000000e+00    2.4424857251183562e+03
0 80 80    1.6826299000000000e-01   -1.8491917000000000e-02    0.0000000000000000e+00    2.3549931294749626e+03
0 81 81    1.6915543999999999e-01   -1.7567526999999999e-02    0.0000000000000000e+00    2.2695512926168967e+03
0 82 82    1.7000169999999998e-01   -1.6625799000000000e-02    0.0000000000000000e+00    2.1682525650704738e+03
0 83 83    1.7080093999999998e-01   -1.5667665000000001e-02    0.0000000000000000e+00    2.0601297907923122e+03
0 84 84    1.7155236999999998e-01   -1.4694067999999999e-02    0.0000000000000000e+00    1.9462044719029670e+03
0 85 85    1.7225525000000000e-01   -1.3705970000000000e-02    0.0000000000000000e+00    1.8275532982250422e+03
0 86 86    1.7290888999999998e-01   -1.2704345000000001e-02    0.0000000000000000e+00    1.7133705301805769e+03
0 87 87    1.7351264000000000e-01   -1.1690183000000000e-02    0.0000000000000000e+00    1.5847743209917587e+03
0 88 88    1.7406590000000000e-01   -1.0664484000000000e-02    0.0000000000000000e+00    1.4523362324650986e+03
0 89 89    1.7456813999999998e-01   -9.6282611000000004e-03    0.0000000000000000e+00    1.3160172461007376e+03
0 90 90    1.7501883999999998e-01   -8.5825359000000004e-03    0.0000000000000000e+00    1.1766392056335117e+03
0 91 91    1.7541757999999999e-01   -7.5283407000000004e-03    0.0000000000000000e+00    1.0356910264816106e+03
0 92 92    1.7576393999999998e-01   -6.4667159000000004e-03    0.0000000000000000e+00    8.9642728898370422e+02
0 93 93    1.7605761000000000e-01   -5.3987093000000003e-03    0.0000000000000000e+00    7.4946293092558813e+02
0 94 94    1.7629826999999998e-01   -4.3253748000000002e-03    0.0000000000000000e+00    6.0112951108434459e+02
0 95 95    1.7648570000000000e-01   -3.2477716999999998e-03    0.0000000000000000e+00    4.5156546968100389e+02
0 96 96    1.7661970999999999e-01   -2.1669634000000002e-03    0.0000000000000000e+00    3.0094023929107578e+02
0 97 97    1.7670016999999999e-01   -1.0840165999999999e-03    0.0000000000000000e+00    1.5075568537583729e+02
0 98 98    1.7672700000000000e-01    0.0000000000000000e+00    0.0000000000000000e+00   -2.4466291301407145e-01
0 99 99    1.7670016999999999e-01    1.0840165999999999e-03    0.0000000000000000e+00   -1.5152632770720473e+02
0 100 100    1.7661970999999999e-01    2.1669634000000002e-03    0.0000000000000000e+00   -3.0152342181884643e+02
0 101 101    1.7648570000000000e-01    3.2477716999999998e-03    0.0000000000000000e+00   -4.5089469203744727e+02
0 102 102    1.7629826999999998e-01    4.3253748000000002e-03    0.0000000000000000e+00   -5.9990901342013001e+02
0 103 103    1.7605761000000000e-01    5.3987093000000003e-03    0.0000000000000000e+00   -7.4820367652730181e+02
0 104 104    1.7576393999999998e-01    6.4667159000000004e-03    0.0000000000000000e+00   -8.9493217611080718e+02
0 105 105    1.7541757999999999e-01    7.5283407000000004e-03    0.0000000000000000e+00   -1.0394842780818185e+03
0 106 106    1.7501883999999998e-01    8.5825359000000004e-03    0.0000000000000000e+00   -1.1816875739568841e+03
0 107 107    1.7456813999999998e-01    9.6282611000000004e-03    0.0000000000000000e+00   -1.3133231293170345e+03
0 108 108    1.7406590000000000e-01    1.0664484000000000e-02    0.0000000000000000e+00   -1.4490760533198809e+03
0 109 109    1.7351264000000000e-01    1.1690183000000000e-02    0.0000000000000000e+00   -1.5817280059741793e+03
0 110 110    1.7290888999999998e-01    1.2704345000000001e-02    0.0000000000000000e+00   -1.7104341337403278e+03
0 111 111    1.7225525000000000e-01    1.3705970000000000e-02    0.0000000000000000e+00   -1.8342912197087169e+03
0 112 112    1.7155236999999998e-01    1.4694067999999999e-02    0.0000000000000000e+00   -1.9445524330675141e+03
0 113 113    1.7080093999999998e-01    1.5667665000000001e-02    0.0000000000000000e+00   -2.0575805773206434e+03
0 114 114    1.7000169999999998e-01    1.6625799000000000e-02    0.0000000000000000e+00   -2.1654717073286720e+03
0 115 115    1.6915543999999999e-01    1.7567526999999999e-02    0.0000000000000000e+00   -2.2673259662308587e+03
0 116 116    1.6826299000000000e-01    1.8491917000000000e-02    0.0000000000000000e+00   -2.3620605330298922e+03
0 117 117    1.6732523999999999e-01    1.9398057999999999e-02    0.0000000000000000e+00   -2.4400660599649868e+03
0 118 118    1.6634310999999999e-01    2.0285055000000000e-02    0.0000000000000000e+00   -2.5195782012522441e+03
0 119 119    1.6531756000000000e-01    2.1152033000000001e-02    0.0000000000000000e+00   -2.5918316962305516e+03
0 120 120    1.6424962999999998e-01    2.1998137000000001e-02    0.0000000000000000e+00   -2.6555671244595505e+03
0 121 121    1.6314033999999999e-01    2.2822532000000000e-02    0.0000000000000000e+00   -2.6995469847051254e+03
0 122 122    1.6199080999999999e-01    2.3624402999999999e-02    0.0000000000000000e+00   -2.7435572945777299e+03
0 123 123    1.6080216999999999e-01    2.4402960000000001e-02    0.0000000000000000e+00   -2.7791610828558837e+03
0 124 124    1.5957557999999999e-01    2.5157433999999999e-02    0.0000000000000000e+00   -2.8052440419624313e+03
0 125 125    1.5831225999999998e-01    2.5887080999999999e-02    0.0000000000000000e+00   -2.8201321938865981e+03
0 126 126    1.5701345999999999e-01    2.6591179999999999e-02    0.0000000000000000e+00   -2.8116366933545087e+03
0 127 127    1.5568045000000000e-01    2.7269036999999999e-02    0.0000000000000000e+00   -2.8044949066566433e+03
0 128 128    1.5431455999999999e-01    2.7919982999999999e-02    0.0000000000000000e+00   -2.7871640237875295e+03
0 129 129    1.5291712999999998e-01    2.8543374999999999e-02    0.0000000000000000e+00   -2.7576428923132762e+03
0 130 130    1.5148953999999998e-01    2.9138598000000002e-02    0.0000000000000000e+00   -2.7028452571222847e+03
0 131 131    1.5003319999999998e-01    2.9705064999999999e-02    0.0000000000000000e+00   -2.6489263972030662e+03
0 132 132    1.4854953999999998e-01    3.0242216999999998e-02    0.0000000000000000e+00   -2.5846032985134857e+03
0 133 133    1.4704003999999998e-01    3.0749523000000001e-02    0.0000000000000000e+00   -2.5077589847524446e+03
0 134 134    1.4550616999999999e-01    3.1226482999999999e-02    0.0000000000000000e+00   -2.4066550982235240e+03
0 135 135    1.4394946000000000e-01    3.1672627000000002e-02    0.0000000000000000e+00   -2.3060437399922389e+03
0 136 136    1.4237143999999999e-01    3.2087512999999998e-02    0.0000000000000000e+00   -2.1941045896623700e+03
0 137 137    1.4077366999999999e-01    3.2470733000000002e-02    0.0000000000000000e+00   -2.0567379860977230e+03
0 138 138    1.3915771999999998e-01    3.2821907999999997e-02    0.0000000000000000e+00   -1.9216339791750906e+03
0 139 139    1.3752518000000000e-01    3.3140691999999999e-02    0.0000000000000000e+00   -1.7772349785499798e+03
0 140 140    1.3587768000000000e-01    3.3426770000000001e-02    0.0000000000000000e+00   -1.6073406992257421e+03
0 141 141    1.3421684000000000e-01    3.3679859999999999e-02    0.0000000000000000e+00   -1.4382213516766178e+03
0 142 142    1.3254428999999998e-01    3.3899711999999999e-02    0.0000000000000000e+00   -1.2659386489745641e+03
0 143 143    1.3086167999999998e-01    3.4086109000000003e-02    0.0000000000000000e+00   -1.1074229031905386e+03
0 144 144    1.2972214999999998e-01    3.4192827000000002e-02    0.0000000000000000e+00   -1.0233822733776659e+03
0 145 145    8.5957213000000005e-02    3.7991246999999999e-02    0.0000000000000000e+00   -2.2768779467969176e+02
0 146 146    8.5799420000000001e-02    3.8011783000000000e-02    0.0000000000000000e+00   -1.6820932911607215e+02
0 147 147    8.5483911000000010e-02    3.8093937000000001e-02    0.0000000000000000e+00   -8.3667252473637443e+00
0 148 148    8.5169025000000009e-02    3.8230769999999997e-02    0.0000000000000000e+00    2.1967131396048771e+02
0 149 149    8.4855073000000003e-02    3.8422146999999997e-02    0.0000000000000000e+00    5.0299749111368931e+02
0 150 150    8.4542364000000009e-02    3.8667879000000002e-02    0.0000000000000000e+00    8.2490367658518335e+02
0 151 151    8.4231208000000002e-02    3.8967723000000003e-02    0.0000000000000000e+00    1.2841617030980206e+03
0 152 152    8.3921911000000002e-02    3.9321385000000000e-02    0.0000000000000000e+00    1.7118674934173935e+03
0 153 153    8.3614778000000001e-02    3.9728513999999999e-02    0.0000000000000000e+00    2.1280950944159795e+03
0 154 154    8.3310113000000005e-02    4.0188710000000002e-02    0.0000000000000000e+00    2.5281440118403830e+03
0 155 155    8.3008217000000009e-02    4.0701517000000000e-02    0.0000000000000000e+00    2.9099122066284312e+03
0 156 156    8.2709387000000009e-02    4.1266430000000000e-02    0.0000000000000000e+00    3.2178208395155971e+03
0 157 157    8.2413918000000003e-02    4.1882890999999998e-02    0.0000000000000000e+00    3.6679031897584591e+03
0 158 158    8.2122101000000003e-02    4.2550292000000003e-02    0.0000000000000000e+00    3.9943470827121168e+03
0 159 159    8.1834226000000010e-02    4.3267974000000001e-02    0.0000000000000000e+00    4.3011208744522928e+03
0 160 160    8.1550575000000000e-02    4.4035229000000002e-02    0.0000000000000000e+00    4.5911532817963662e+03
0 161 161    8.1271429000000006e-02    4.4851299999999997e-02    0.0000000000000000e+00    4.8530799247876575e+03
0 162 162    8.0997063000000008e-02    4.5715380999999999e-02    0.0000000000000000e+00    5.1392898261801583e+03
0 163 163    8.0727749000000001e-02    4.6626620000000001e-02    0.0000000000000000e+00    5.3856813197160027e+03
0 164 164    8.0463751000000000e-02    4.7584117000000002e-02    0.0000000000000000e+00    5.6164582380237553e+03
0 165 165    8.0205330000000005e-02    4.8586928000000001e-02    0.0000000000000000e+00    5.8358041153033573e+03
0 166 166    7.9952742000000007e-02    4.9634062000000000e-02    0.0000000000000000e+00    6.0429961960082292e+03
0 167 167    7.9706236000000000e-02    5.0724486999999999e-02    0.0000000000000000e+00    6.2524242285414875e+03
0 168 168    7.9466054000000008e-02    5.1857126000000003e-02    0.0000000000000000e+00    6.4406321945692725e+03
0 169 169    7.9232434000000004e-02    5.3030861999999998e-02    0.0000000000000000e+00    6.6187761134618822e+03
0 170 170    7.9005607000000005e-02    5.4244535000000003e-02    0.0000000000000000e+00    6.7871841894107292e+03
0 171 171    7.8785796000000005e-02    5.5496948999999997e-02    0.0000000000000000e+00    6.9579407887334655e+03
0 172 172    7.8573219000000000e-02    5.6786867999999997e-02    0.0000000000000000e+00    7.1113065797098488e+03
0 173 173    7.8368084000000005e-02    5.8113018000000002e-02    0.0000000000000000e+00    7.2520939250492747e+03
0 174 174    7.8170596000000009e-02    5.9474091000000000e-02    0.0000000000000000e+00    7.3981340365888300e+03
0 175 175    7.7980947000000009e-02    6.0868743000000003e-02    0.0000000000000000e+00    7.5319740136183409e+03
0 176 176    7.7799326000000002e-02    6.2295598000000001e-02    0.0000000000000000e+00    7.6541256085911755e+03
0 177 177    7.7625912000000005e-02    6.3753247999999998e-02    0.0000000000000000e+00    7.7678437944152065e+03
0 178 178    7.7460876000000012e-02    6.5240254999999997e-02    0.0000000000000000e+00    7.8852386722044239e+03
0 179 179    7.7304380000000006e-02    6.6755150999999999e-02    0.0000000000000000e+00    7.9875397112361889e+03
0 180 180    7.7156580000000002e-02    6.8296440000000000e-02    0.0000000000000000e+00    8.0797672217981435e+03
0 181 181    7.7017621000000008e-02    6.9862602999999995e-02    0.0000000000000000e+00    8.1764719397668505e+03
0 182 182    7.6887640000000007e-02    7.1452091999999995e-02    0.0000000000000000e+00    8.2594748982567962e+03
0 183 183    7.6766766000000000e-02    7.3063341000000004e-02    0.0000000000000000e+00    8.3317409746211288e+03
0 184 184    7.6655117000000009e-02    7.4694758000000000e-02    0.0000000000000000e+00    8.4087543432856091e+03
0 185 185    7.6552805000000002e-02    7.6344732999999998e-02    0.0000000000000000e+00    8.4724526781289405e+03
0 186 186    7.6459929000000010e-02    7.8011637999999994e-02    0.0000000000000000e+00    8.5256624794036343e+03
0 187 187    7.6376583000000012e-02    7.9693828999999994e-02    0.0000000000000000e+00    8.5838328773256835e+03
0 188 188    7.6302847000000007e-02    8.1389644999999997e-02    0.0000000000000000e+00    8.6281575365745357e+03
0 189 189    7.6238793999999999e-02    8.3097411999999996e-02    0.0000000000000000e+00    8.6629294625313414e+03
0 190 190    7.6184489000000008e-02    8.4815445000000003e-02    0.0000000000000000e+00    8.7030528941492776e+03
0 191 191    7.6139984000000008e-02    8.6542048999999996e-02    0.0000000000000000e+00    8.7233070539254841e+03
0 192 192    7.6105323000000002e-02    8.8275519999999996e-02    0.0000000000000000e+00    8.7490413093923871e+03
0 193 193    7.6080541000000002e-02    9.0014146000000003e-02    0.0000000000000000e+00    8.7651639929649027e+03
0 194 194    7.6065662000000006e-02    9.1756213000000003e-02    0.0000000000000000e+00    8.7670078576644337e+03
0 195 195    7.6060701000000008e-02    9.3500000000000000e-02    0.0000000000000000e+00    8.7725345382608266e+03
1 1 1    7.6060701000000008e-02   -9.3500000000000000e-02    0.0000000000000000e+00    4.0644229919896055e+00
1 2 2    7.6065662000000006e-02   -9.1756213000000003e-02    0.0000000000000000e+00    5.2902530213663141e+01
1 3 3    7.6080541000000002e-02   -9.0014146000000003e-02    0.0000000000000000e+00    1.0694798959699338e+02
1 4 4    7.6105323000000002e-02   -8.8275519999999996e-02    0.0000000000000000e+00    1.5829820704255522e+02
1 5 5    7.6139984000000008e-02   -8.6542048999999996e-02    0.0000000000000000e+00    2.0877552465427138e+02
1 6 6    7.6184489000000008e-02   -8.4815445000000003e-02    0.0000000000000000e+00    2.6246792013675145e+02
1 7 7    7.6238793999999999e-02   -8.3097411999999996e-02    0.0000000000000000e+00    3.1516572164403135e+02
1 8 8    7.6302847000000007e-02   -8.1389644999999997e-02    0.0000000000000000e+00    3.6704318001629667e+02
1 9 9    7.6376583000000012e-02   -7.9693828999999994e-02    0.0000000000000000e+00    4.2065281573100549e+02
1 10 10    7.6459929000000010e-02   -7.8011637999999994e-02    0.0000000000000000e+00    4.7107098047068553e+02
1 11 11    7.6552805000000002e-02   -7.6344732999999998e-02    0.0000000000000000e+00    5.2309743043133676e+02
1 12 12    7.6655117000000009e-02   -7.4694758000000000e-02    0.0000000000000000e+00    5.7648271334505796e+02
1 13 13    7.6766766000000000e-02   -7.3063341000000004e-02    0.0000000000000000e+00    6.2660912852236925e+02
1 14 14    7.6887640000000007e-02   -7.1452091999999995e-02    0.0000000000000000e+00    6.7789031167835515e+02
1 15 15    7.7017621000000008e-02   -6.9862602999999995e-02    0.0000000000000000e+00    7.3081980326331336e+02
1 16 16    7.7156580000000002e-02   -6.8296440000000000e-02    0.0000000000000000e+00    7.8055102259774139e+02
1 17 17    7.7304380000000006e-02   -6.6755150999999999e-02    0.0000000000000000e+00    8.3095089598180857e+02
1 18 18    7.7460876000000012e-02   -6.5240254999999997e-02    0.0000000000000000e+00    8.8344909630325628e+02
1 19 19    7.7625912000000005e-02   -6.3753247999999998e-02    0.0000000000000000e+00    9.3308141796186624e+02
1 20 20    7.7799326000000002e-02   -6.2295598000000001e-02    0.0000000000000000e+00    9.8119186214442561e+02
1 21 21    7.7980947000000009e-02   -6.0868743000000003e-02    0.0000000000000000e+00    1.0311218594699569e+03
1 22 22    7.8170596000000009e-02   -5.9474091000000000e-02    0.0000000000000000e+00    1.0825627187799612e+03
1 23 23    7.8368084000000005e-02   -5.8113018000000002e-02    0.0000000000000000e+00    1.1305638063813285e+03
1 24 24    7.8573219000000000e-02   -5.6786867999999997e-02    0.0000000000000000e+00    1.1770251845924461e+03
1 25 25    7.8785796000000005e-02   -5.5496948999999997e-02    0.0000000000000000e+00    1.2248384067887084e+03
1 26 26    7.9005607000000005e-02   -5.4244535000000003e-02    0.0000000000000000e+00    1.2745224987179211e+03
1 27 27    7.9232434000000004e-02   -5.3030861999999998e-02    0.0000000000000000e+00    1.3202775694813001e+03
1 28 28    7.9466054000000008e-02   -5.1857126000000003e-02    0.0000000000000000e+00    1.3637884045938936e+03
1 29 29    7.9706236000000000e-02   -5.0724486999999999e-02    0.0000000000000000e+00    1.4071902181084943e+03
1 30 30    7.9952742000000007e-02   -4.9634062000000000e-02    0.0000000000000000e+00    1.4533313441826328e+03
1 31 31    8.0205330000000005e-02   -4.8586928000000001e-02    0.0000000000000000e+00    1.4945869338337316e+03
1 32 32    8.0463751000000000e-02   -4.7584117000000002e-02    0.0000000000000000e+00    1.5322447749311464e+03
1 33 33    8.0727749000000001e-02   -4.6626620000000001e-02    0.0000000000000000e+00    1.5653428208118157e+03
1 34 34    8.0997063000000008e-02   -4.5715380999999999e-02    0.0000000000000000e+00    1.5959211264897031e+03
1 35 35    8.1271429000000006e-02   -4.4851299999999997e-02    0.0000000000000000e+00    1.6328145223104632e+03
1 36 36    8.1550575000000000e-02   -4.4035229000000002e-02    0.0000000000000000e+00    1.6547215213038676e+03
1 37 37    8.1834226000000010e-02   -4.3267974000000001e-02    0.0000000000000000e+00    1.6663698928870263e+03
1 38 38    8.2122101000000003e-02   -4.2550292000000003e-02    0.0000000000000000e+00    1.6634031653589830e+03
1 39 39    8.2413918000000003e-02   -4.1882890999999998e-02    0.0000000000000000e+00    1.6440252084073786e+03
1 40 40    8.2709387000000009e-02   -4.1266430000000000e-02    0.0000000000000000e+00    1.6518134108013526e+03
1 41 41    8.3008217000000009e-02   -4.0701517000000000e-02    0.0000000000000000e+00    1.5959001045252380e+03
1 42 42    8.3310113000000005e-02   -4.0188710000000002e-02    0.0000000000000000e+00    1.5011994493703091e+03
1 43 43    8.3614778000000001e-02   -3.9728513999999999e-02    0.0000000000000000e+00    1.3569846348624333e+03
1 44 44    8.3921911000000002e-02   -3.9321385000000000e-02    0.0000000000000000e+00    1.1549859127202187e+03
1 45 45    8.4231208000000002e-02   -3.8967723000000003e-02    0.0000000000000000e+00    8.9670356561553785e+02
1 46 46    8.4542364000000009e-02   -3.8667879000000002e-02    0.0000000000000000e+00    5.9805499404242425e+02
1 47 47    8.4855073000000003e-02   -3.8422146999999997e-02    0.0000000000000000e+00    2.7183965031442733e+02
1 48 48    8.5169025000000009e-02   -3.8230769999999997e-02    0.0000000000000000e+00   -2.1072822546925266e+02
1 49 49    8.5483911000000010e-02   -3.8093937000000001e-02    0.0000000000000000e+00   -7.1103083747680148e+02
1 50 50    8.5799420000000001e-02   -3.8011783000000000e-02    0.0000000000000000e+00   -1.1616499857216158e+03
1 51 51    8.5957213000000005e-02   -3.7991246999999999e-02    0.0000000000000000e+00   -1.3537165424143718e+03
1 52 52    1.2972214999999998e-01   -3.4192827000000002e-02    0.0000000000000000e+00   -1.1312834226385228e+04
1 53 53    1.3086167999999998e-01   -3.4086109000000003e-02    0.0000000000000000e+00   -1.1011824981821163e+04
1 54 54    1.3254428999999998e-01   -3.3899711999999999e-02    0.0000000000000000e+00   -1.0680223471288740e+04
1 55 55    1.3421684000000000e-01   -3.3679859999999999e-02    0.0000000000000000e+00   -1.0372755085478695e+04
1 56 56    1.3587768000000000e-01   -3.3426770000000001e-02    0.0000000000000000e+00   -1.0074300431498190e+04
1 57 57    1.3752518000000000e-01   -3.3140691999999999e-02    0.0000000000000000e+00   -9.7700208502001187e+03
1 58 58    1.3915771999999998e-01   -3.2821907999999997e-02    0.0000000000000000e+00   -9.4601567859363786e+03
1 59 59    1.4077366999999999e-01   -3.2470733000000002e-02    0.0000000000000000e+00   -9.1470565478114822e+03
1 60 60    1.4237143999999999e-01   -3.2087512999999998e-02    0.0000000000000000e+00   -8.8288461423790486e+03
1 61 61    1.4394946000000000e-01   -3.1672627000000002e-02    0.0000000000000000e+00   -8.4996822479773946e+03
1 62 62    1.4550616999999999e-01   -3.1226482999999999e-02    0.0000000000000000e+00   -8.1670743965471593e+03
1 63 63    1.4704003999999998e-01   -3.0749523000000001e-02    0.0000000000000000e+00   -7.8322296248792190e+03
1 64 64    1.4854953999999998e-01   -3.0242216999999998e-02    0.0000000000000000e+00   -7.4932382318400068e+03
1 65 65    1.5003319999999998e-01   -2.9705064999999999e-02    0.0000000000000000e+00   -7.1483619939562177e+03
1 66 66    1.5148953999999998e-01   -2.9138598000000002e-02    0.0000000000000000e+00   -6.8038506619645141e+03
1 67 67    1.5291712999999998e-01   -2.8543374999999999e-02    0.0000000000000000e+00   -6.4607901660822063e+03
1 68 68    1.5431455999999999e-01   -2.7919982999999999e-02    0.0000000000000000e+00   -6.1177448174521924e+03
1 69 69    1.5568045000000000e-01   -2.7269036999999999e-02    0.0000000000000000e+00   -5.7739993805643880e+03
1 70 70    1.5701345999999999e-01   -2.6591179999999999e-02    0.0000000000000000e+00   -5.4347370240927721e+03
1 71 71    1.5831225999999998e-01   -2.5887080999999999e-02    0.0000000000000000e+00   -5.1009704947466826e+03
1 72 72    1.5957557999999999e-01   -2.5157433999999999e-02    0.0000000000000000e+00   -4.7721186034100620e+03
1 73 73    1.6080216999999999e-01   -2.4402960000000001e-02    0.0000000000000000e+00   -4.4463609691665179e+03
1 74 74    1.6199080999999999e-01   -2.3624402999999999e-02    0.0000000000000000e+00   -4.1287128441845343e+03
1 75 75    1.6314033999999999e-01   -2.2822532000000000e-02    0.0000000000000000e+00   -3.8203815740370496e+03
1 76 76    1.6424962999999998e-01   -2.1998137000000001e-02    0.0000000000000000e+00   -3.5210901002459327e+03
1 77 77    1.6531756000000000e-01   -2.1152033000000001e-02    0.0000000000000000e+00   -3.2289588072000934e+03
1 78 78    1.6634310999999999e-01   -2.0285055000000000e-02    0.0000000000000000e+00   -2.9465107448086301e+03
1 79 79    1.6732523999999999e-01   -1.9398057999999999e-02    0.0000000000000000e+00   -2.6756971496704141e+03
1 80 80    1.6826299000000000e-01   -1.8491917000000000e-02    0.0000000000000000e+00   -2.4169056299067065e+03
1 81 81    1.6915543999999999e-01   -1.7567526999999999e-02    0.0000000000000000e+00   -2.1699511286381776e+03
1 82 82    1.7000169999999998e-01   -1.6625799000000000e-02    0.0000000000000000e+00   -1.9333064516984812e+03
1 83 83    1.7080093999999998e-01   -1.5667665000000001e-02    0.0000000000000000e+00   -1.7098889149709555e+03
1 84 84    1.7155236999999998e-01   -1.4694067999999999e-02    0.0000000000000000e+00   -1.5003896730152917e+03
1 85 85    1.7225525000000000e-01   -1.3705970000000000e-02    0.0000000000000000e+00   -1.3048661385907412e+03
1 86 86    1.7290888999999998e-01   -1.2704345000000001e-02    0.0000000000000000e+00   -1.1225777894719852e+03
1 87 87    1.7351264000000000e-01   -1.1690183000000000e-02    0.0000000000000000e+00   -9.5221951718563560e+02
1 88 88    1.7406590000000000e-01   -1.0664484000000000e-02    0.0000000000000000e+00   -7.9677814919830405e+02
1 89 89    1.7456813999999998e-01   -9.6282611000000004e-03    0.0000000000000000e+00   -6.5609600298117311e+02
1 90 90    1.7501883999999998e-01   -8.5825359000000004e-03    0.0000000000000000e+00   -5.3041683054389773e+02
1 91 91    1.7541757999999999e-01   -7.5283407000000004e-03    0.0000000000000000e+00   -4.1953076799729376e+02
1 92 92    1.7576393999999998e-01   -6.4667159000000004e-03    0.0000000000000000e+00   -3.2196972118545665e+02
1 93 93    1.7605761000000000e-01   -5.3987093000000003e-03    0.0000000000000000e+00   -2.3940338465696729e+02
1 94 94    1.7629826999999998e-01   -4.3253748000000002e-03    0.0000000000000000e+00   -1.7205223430753955e+02
1 95 95    1.7648570000000000e-01   -3.2477716999999998e-03    0.0000000000000000e+00   -1.1979901648503085e+02
1 96 96    1.7661970999999999e-01   -2.1669634000000002e-03    0.0000000000000000e+00   -8.2589276543868010e+01
1 97 97    1.7670016999999999e-01   -1.0840165999999999e-03    0.0000000000000000e+00   -6.0181491621178914e+01
1 98 98    1.7672700000000000e-01    0.0000000000000000e+00    0.0000000000000000e+00   -5.2532563007348820e+01
1 99 99    1.7670016999999999e-01    1.0840165999999999e-03    0.0000000000000000e+00   -5.9675139262390381e+01
1 100 100    1.7661970999999999e-01    2.1669634000000002e-03    0.0000000000000000e+00   -8.2810998639056393e+01
1 101 101    1.7648570000000000e-01    3.2477716999999998e-03    0.0000000000000000e+00   -1.2028838934275953e+02
1 102 102    1.7629826999999998e-01    4.3253748000000002e-03    0.0000000000000000e+00   -1.7230636781334596e+02
1 103 103    1.7605761000000000e-01    5.3987093000000003e-03    0.0000000000000000e+00   -2.3931817654321239e+02
1 104 104    1.7576393999999998e-01    6.4667159000000004e-03    0.0000000000000000e+00   -3.2148521755149500e+02
1 105 105    1.7541757999999999e-01    7.5283407000000004e-03    0.0000000000000000e+00   -4.1869280544530295e+02
1 106 106    1.7501883999999998e-01    8.5825359000000004e-03    0.0000000000000000e+00   -5.3087609270902612e+02
1 107 107    1.7456813999999998e-01    9.6282611000000004e-03    0.0000000000000000e+00   -6.5744929397321118e+02
1 108 108    1.7406590000000000e-01    1.0664484000000000e-02    0.0000000000000000e+00   -7.9716801731948726e+02
1 109 109    1.7351264000000000e-01    1.1690183000000000e-02    0.0000000000000000e+00   -9.5157216849798363e+02
1 110 110    1.7290888999999998e-01    1.2704345000000001e-02    0.0000000000000000e+00   -1.1207954605724879e+03
1 111 111    1.7225525000000000e-01    1.3705970000000000e-02    0.0000000000000000e+00   -1.3044545281150804e+03
1 112 112    1.7155236999999998e-01    1.4694067999999999e-02    0.0000000000000000e+00   -1.5015260796247119e+03
1 113 113    1.7080093999999998e-01    1.5667665000000001e-02    0.0000000000000000e+00   -1.7105184093553100e+03
1 114 114    1.7000169999999998e-01    1.6625799000000000e-02    0.0000000000000000e+00   -1.9328437366695516e+03
1 115 115    1.6915543999999999e-01    1.7567526999999999e-02    0.0000000000000000e+00   -2.1686787899939854e+03
1 116 116    1.6826299000000000e-01    1.8491917000000000e-02    0.0000000000000000e+00   -2.4174730998823316e+03
1 117 117    1.6732523999999999e-01    1.9398057999999999e-02    0.0000000000000000e+00   -2.6768234989893158e+03
1 118 118    1.6634310999999999e-01    2.0285055000000000e-02    0.0000000000000000e+00   -2.9466448290104295e+03
1 119 119    1.6531756000000000e-01    2.1152033000000001e-02    0.0000000000000000e+00   -3.2277660747159671e+03
1 120 120    1.6424962999999998e-01    2.1998137000000001e-02    0.0000000000000000e+00   -3.5199741101051659e+03
1 121 121    1.6314033999999999e-01    2.2822532000000000e-02    0.0000000000000000e+00   -3.8218326741224100e+03
1 122 122    1.6199080999999999e-01    2.3624402999999999e-02    0.0000000000000000e+00   -4.1296917667404496e+03
1 123 123    1.6080216999999999e-01    2.4402960000000001e-02    0.0000000000000000e+00   -4.4457991251351887e+03
1 124 124    1.5957557999999999e-01    2.5157433999999999e-02    0.0000000000000000e+00   -4.7703919863068049e+03
1 125 125    1.5831225999999998e-01    2.5887080999999999e-02    0.0000000000000000e+00   -5.1021496705159689e+03
1 126 126    1.5701345999999999e-01    2.6591179999999999e-02    0.0000000000000000e+00   -5.4357841100362484e+03
1 127 127    1.5568045000000000e-01    2.7269036999999999e-02    0.0000000000000000e+00   -5.7734194794151417e+03
1 128 128    1.5431455999999999e-01    2.7919982999999999e-02    0.0000000000000000e+00   -6.1157376890989781e+03
1 129 129    1.5291712999999998e-01    2.8543374999999999e-02    0.0000000000000000e+00   -6.4616314279658363e+03
1 130 130    1.5148953999999998e-01    2.9138598000000002e-02    0.0000000000000000e+00   -6.8053698422125308e+03
1 131 131    1.5003319999999998e-01    2.9705064999999999e-02    0.0000000000000000e+00   -7.1478705575882577e+03
1 132 132    1.4854953999999998e-01    3.0242216999999998e-02    0.0000000000000000e+00   -7.4908964441423823e+03
1 133 133    1.4704003999999998e-01    3.0749523000000001e-02    0.0000000000000000e+00   -7.8333277268870861e+03
1 134 134    1.4550616999999999e-01    3.1226482999999999e-02    0.0000000000000000e+00   -8.1680646367942600e+03
1 135 135    1.4394946000000000e-01    3.1672627000000002e-02    0.0000000000000000e+00   -8.4994046227387789e+03
1 136 136    1.4237143999999999e-01    3.2087512999999998e-02    0.0000000000000000e+00   -8.8276482692014652e+03
1 137 137    1.4077366999999999e-01    3.2470733000000002e-02    0.0000000000000000e+00   -9.1473543504492627e+03
1 138 138    1.3915771999999998e-01    3.2821907999999997e-02    0.0000000000000000e+00   -9.4597985474738925e+03
1 139 139    1.3752518000000000e-01    3.3140691999999999e-02    0.0000000000000000e+00   -9.7692098436350352e+03
1 140 140    1.3587768000000000e-01    3.3426770000000001e-02    0.0000000000000000e+00   -1.0074802028489461e+04
1 141 141    1.3421684000000000e-01    3.3679859999999999e-02    0.0000000000000000e+00   -1.0373077597770709e+04
1 142 142    1.3254428999999998e-01    3.3899711999999999e-02    0.0000000000000000e+00   -1.0679700238037412e+04
1 143 143    1.3086167999999998e-01    3.4086109000000003e-02    0.0000000000000000e+00   -1.1010627557521280e+04
1 144 144    1.2972214999999998e-01    3.4192827000000002e-02    0.0000000000000000e+00   -1.1313690942832221e+04
1 145 145    8.5957213000000005e-02    3.7991246999999999e-02    0.0000000000000000e+00   -1.3386185040588757e+03
1 146 146    8.5799420000000001e-02    3.8011783000000000e-02    0.0000000000000000e+00   -1.1507487593307901e+03
1 147 147    8.5483911000000010e-02    3.8093937000000001e-02    0.0000000000000000e+00   -7.1555907340734564e+02
1 148 148    8.5169025000000009e-02    3.8230769999999997e-02    0.0000000000000000e+00   -2.2605526270938466e+02
1 149 149    8.4855073000000003e-02    3.8422146999999997e-02    0.0000000000000000e+00    2.5244633793019548e+02
1 150 150    8.4542364000000009e-02    3.8667879000000002e-02    0.0000000000000000e+00    6.7170885537089134e+02
1 151 151    8.4231208000000002e-02    3.8967723000000003e-02    0.0000000000000000e+00    9.0121328104854786e+02
1 152 152    8.3921911000000002e-02    3.9321385000000000e-02    0.0000000000000000e+00    1.1625820889774118e+03
1 153 153    8.3614778000000001e-02    3.9728513999999999e-02    0.0000000000000000e+00    1.3649915977109424e+03
1 154 154    8.3310113000000005e-02    4.0188710000000002e-02    0.0000000000000000e+00    1.5093744851672739e+03
1 155 155    8.3008217000000009e-02    4.0701517000000000e-02    0.0000000000000000e+00    1.6042591110022352e+03
1 156 156    8.2709387000000009e-02    4.1266430000000000e-02    0.0000000000000000e+00    1.6109749284659415e+03
1 157 157    8.2413918000000003e-02    4.1882890999999998e-02    0.0000000000000000e+00    1.6520483362353134e+03
1 158 158    8.2122101000000003e-02    4.2550292000000003e-02    0.0000000000000000e+00    1.6702287157904159e+03
1 159 159    8.1834226000000010e-02    4.3267974000000001e-02    0.0000000000000000e+00    1.6697349679475237e+03
1 160 160    8.1550575000000000e-02    4.4035229000000002e-02    0.0000000000000000e+00    1.6559952651577844e+03
1 161 161    8.1271429000000006e-02    4.4851299999999997e-02    0.0000000000000000e+00    1.6228973046854328e+03
1 162 162    8.0997063000000008e-02    4.5715380999999999e-02    0.0000000000000000e+00    1.5974617122123459e+03
1 163 163    8.0727749000000001e-02    4.6626620000000001e-02    0.0000000000000000e+00    1.5684035130350994e+03
1 164 164    8.0463751000000000e-02    4.7584117000000002e-02    0.0000000000000000e+00    1.5336324979124149e+03
1 165 165    8.0205330000000005e-02    4.8586928000000001e-02    0.0000000000000000e+00    1.4945827746882399e+03
1 166 166    7.9952742000000007e-02    4.9634062000000000e-02    0.0000000000000000e+00    1.4498460577074538e+03
1 167 167    7.9706236000000000e-02    5.0724486999999999e-02    0.0000000000000000e+00    1.4082157794888931e+03
1 168 168    7.9466054000000008e-02    5.1857126000000003e-02    0.0000000000000000e+00    1.3657913383399955e+03
1 169 169    7.9232434000000004e-02    5.3030861999999998e-02    0.0000000000000000e+00    1.3208279907572762e+03
1 170 170    7.9005607000000005e-02    5.4244535000000003e-02    0.0000000000000000e+00    1.2719916339103086e+03
1 171 171    7.8785796000000005e-02    5.5496948999999997e-02    0.0000000000000000e+00    1.2254930969150557e+03
1 172 172    7.8573219000000000e-02    5.6786867999999997e-02    0.0000000000000000e+00    1.1793334966888574e+03
1 173 173    7.8368084000000005e-02    5.8113018000000002e-02    0.0000000000000000e+00    1.1290345947407591e+03
1 174 174    7.8170596000000009e-02    5.9474091000000000e-02    0.0000000000000000e+00    1.0796973486794714e+03
1 175 175    7.7980947000000009e-02    6.0868743000000003e-02    0.0000000000000000e+00    1.0321666647189213e+03
1 176 176    7.7799326000000002e-02    6.2295598000000001e-02    0.0000000000000000e+00    9.8363486589408774e+02
1 177 177    7.7625912000000005e-02    6.3753247999999998e-02    0.0000000000000000e+00    9.3171957435391778e+02
1 178 178    7.7460876000000012e-02    6.5240254999999997e-02    0.0000000000000000e+00    8.8152640205011767e+02
1 179 179    7.7304380000000006e-02    6.6755150999999999e-02    0.0000000000000000e+00    8.3257013657241964e+02
1 180 180    7.7156580000000002e-02    6.8296440000000000e-02    0.0000000000000000e+00    7.8015627576417489e+02
1 181 181    7.7017621000000008e-02    6.9862602999999995e-02    0.0000000000000000e+00    7.2884564314655825e+02
1 182 182    7.6887640000000007e-02    7.1452091999999995e-02    0.0000000000000000e+00    6.7931907696391318e+02
1 183 183    7.6766766000000000e-02    7.3063341000000004e-02    0.0000000000000000e+00    6.2647164710827951e+02
1 184 184    7.6655117000000009e-02    7.4694758000000000e-02    0.0000000000000000e+00    5.7445817710645656e+02
1 185 185    7.6552805000000002e-02    7.6344732999999998e-02    0.0000000000000000e+00    5.2445345756648362e+02
1 186 186    7.6459929000000010e-02    7.8011637999999994e-02    0.0000000000000000e+00    4.7120122787879450e+02
1 187 187    7.6376583000000012e-02    7.9693828999999994e-02    0.0000000000000000e+00    4.1881959375580124e+02
1 188 188    7.6302847000000007e-02    8.1389644999999997e-02    0.0000000000000000e+00    3.6842892376105078e+02
1 189 189    7.6238793999999999e-02    8.3097411999999996e-02    0.0000000000000000e+00    3.1480186401848096e+02
1 190 190    7.6184489000000008e-02    8.4815445000000003e-02    0.0000000000000000e+00    2.6244435259522487e+02
1 191 191    7.6139984000000008e-02    8.6542048999999996e-02    0.0000000000000000e+00    2.1013608693822238e+02
1 192 192    7.6105323000000002e-02    8.8275519999999996e-02    0.0000000000000000e+00    1.5653136802950570e+02
1 193 193    7.6080541000000002e-02    9.0014146000000003e-02    0.0000000000000000e+00    1.0580393973546533e+02
1 194 194    7.6065662000000006e-02    9.1756213000000003e-02    0.0000000000000000e+00    5.2880935859566264e+01
1 195 195    7.6060701000000008e-02    9.3500000000000000e-02    0.0000000000000000e+00    4.0839093034757363e+00
2 1 1    7.6060701000000008e-02   -9.3500000000000000e-02    8.0736982751387881e-02    0.0000000000000000e+00
2 2 2    7.6065662000000006e-02   -9.1756213000000003e-02    1.4867926236417206e+00    0.0000000000000000e+00
2 3 3    7.6080541000000002e-02   -9.0014146000000003e-02    2.8905398893435406e+00    0.0000000000000000e+00
2 4 4    7.6105323000000002e-02   -8.8275519999999996e-02    4.2891957118687207e+00    0.0000000000000000e+00
2 5 5    7.6139984000000008e-02   -8.6542048999999996e-02    5.6800584011627633e+00    0.0000000000000000e+00
2 6 6    7.6184489000000008e-02   -8.4815445000000003e-02    7.0604414942475557e+00    0.0000000000000000e+00
2 7 7    7.6238793999999999e-02   -8.3097411999999996e-02    8.4278768680205172e+00    0.0000000000000000e+00
2 8 8    7.6302847000000007e-02   -8.1389644999999997e-02    9.7798420374617354e+00    0.0000000000000000e+00
2 9 9    7.6376583000000012e-02   -7.9693828999999994e-02    1.1113844210633127e+01    0.0000000000000000e+00
2 10 10    7.6459929000000010e-02   -7.8011637999999994e-02    1.2427560700890531e+01    0.0000000000000000e+00
2 11 11    7.6552805000000002e-02   -7.6344732999999998e-02    1.3718570492851839e+01    0.0000000000000000e+00
2 12 12    7.6655117000000009e-02   -7.4694758000000000e-02    1.4984628050763439e+01    0.0000000000000000e+00
2 13 13    7.6766766000000000e-02   -7.3063341000000004e-02    1.6223627564297527e+01    0.0000000000000000e+00
2 14 14    7.6887640000000007e-02   -7.1452091999999995e-02    1.7433398234185642e+01    0.0000000000000000e+00
2 15 15    7.7017621000000008e-02   -6.9862602999999995e-02    1.8611944601046616e+01    0.0000000000000000e+00
2 16 16    7.7156580000000002e-02   -6.8296440000000000e-02    1.9757447267677129e+01    0.0000000000000000e+00
2 17 17    7.7304380000000006e-02   -6.6755150999999999e-02    2.0868051255762360e+01    0.0000000000000000e+00
2 18 18    7.7460876000000012e-02   -6.5240254999999997e-02    2.1942068470624083e+01    0.0000000000000000e+00
2 19 19    7.7625912000000005e-02   -6.3753247999999998e-02    2.2978021286932297e+01    0.0000000000000000e+00
2 20 20    7.7799326000000002e-02   -6.2295598000000001e-02    2.3974467045393549e+01    0.0000000000000000e+00
2 21 21    7.7980947000000009e-02   -6.0868743000000003e-02    2.4930034717978174e+01    0.0000000000000000e+00
2 22 22    7.8170596000000009e-02   -5.9474091000000000e-02    2.5843554081641951e+01    0.0000000000000000e+00
2 23 23    7.8368084000000005e-02   -5.8113018000000002e-02    2.6714099289295014e+01    0.0000000000000000e+00
2 24 24    7.8573219000000000e-02   -5.6786867999999997e-02    2.7540742683898230e+01    0.0000000000000000e+00
2 25 25    7.8785796000000005e-02   -5.5496948999999997e-02    2.8322659668678128e+01    0.0000000000000000e+00
2 26 26    7.9005607000000005e-02   -5.4244535000000003e-02    2.9059212327101903e+01    0.0000000000000000e+00
2 27 27    7.9232434000000004e-02   -5.3030861999999998e-02    2.9750077227635760e+01    0.0000000000000000e+00
2 28 28    7.9466054000000008e-02   -5.1857126000000003e-02    3.0394897053120374e+01    0.0000000000000000e+00
2 29 29    7.9706236000000000e-02   -5.0724486999999999e-02    3.0993420280580263e+01    0.0000000000000000e+00
2 30 30    7.9952742000000007e-02   -4.9634062000000000e-02    3.1545505047719910e+01    0.0000000000000000e+00
2 31 31    8.0205330000000005e-02   -4.8586928000000001e-02    3.2051484764336742e+01    0.0000000000000000e+00
2 32 32    8.0463751000000000e-02   -4.7584117000000002e-02    3.2511579848047276e+01    0.0000000000000000e+00
2 33 33    8.0727749000000001e-02   -4.6626620000000001e-02    3.2926171805039594e+01    0.0000000000000000e+00
2 34 34    8.0997063000000008e-02   -4.5715380999999999e-02    3.3295578763294913e+01    0.0000000000000000e+00
2 35 35    8.1271429000000006e-02   -4.4851299999999997e-02    3.3620403944091350e+01    0.0000000000000000e+00
2 36 36    8.1550575000000000e-02   -4.4035229000000002e-02    3.3901988481604725e+01    0.0000000000000000e+00
2 37 37    8.1834226000000010e-02   -4.3267974000000001e-02    3.4141121409587747e+01    0.0000000000000000e+00
2 38 38    8.2122101000000003e-02   -4.2550292000000003e-02    3.4338836349372528e+01    0.0000000000000000e+00
2 39 39    8.2413918000000003e-02   -4.1882890999999998e-02    3.4496030741898203e+01    0.0000000000000000e+00
2 40 40    8.2709387000000009e-02   -4.1266430000000000e-02    3.4613417669874053e+01    0.0000000000000000e+00
2 41 41    8.3008217000000009e-02   -4.0701517000000000e-02    3.4694721092268395e+01    0.0000000000000000e+00
2 42 42    8.3310113000000005e-02   -4.0188710000000002e-02    3.4740696118175265e+01    0.0000000000000000e+00
2 43 43    8.3614778000000001e-02   -3.9728513999999999e-02    3.4752920135690296e+01    0.0000000000000000e+00
2 44 44    8.3921911000000002e-02   -3.9321385000000000e-02    3.4733036896865315e+01    0.0000000000000000e+00
2 45 45    8.4231208000000002e-02   -3.8967723000000003e-02    3.4683009510127491e+01    0.0000000000000000e+00
2 46 46    8.4542364000000009e-02   -3.8667879000000002e-02    3.4605639459192481e+01    0.0000000000000000e+00
2 47 47    8.4855073000000003e-02   -3.8422146999999997e-02    3.4505493559598577e+01    0.0000000000000000e+00
2 48 48    8.5169025000000009e-02   -3.8230769999999997e-02    3.4385688410011689e+01    0.0000000000000000e+00
2 49 49    8.5483911000000010e-02   -3.8093937000000001e-02    3.4247254698404689e+01    0.0000000000000000e+00
2 50 50    8.5799420000000001e-02   -3.8011783000000000e-02    3.4093569914852210e+01    0.0000000000000000e+00
2 51 51    8.5957213000000005e-02   -3.7991246999999999e-02    3.4012473488933885e+01    0.0000000000000000e+00
2 52 52    1.2972214999999998e-01   -3.4192827000000002e-02   -9.7712738374802015e+00    0.0000000000000000e+00
2 53 53    1.3086167999999998e-01   -3.4086109000000003e-02   -1.0861108145643950e+01    0.0000000000000000e+00
2 54 54    1.3254428999999998e-01   -3.3899711999999999e-02   -1.2413967130992875e+01    0.0000000000000000e+00
2 55 55    1.3421684000000000e-01   -3.3679859999999999e-02   -1.3898233582998769e+01    0.0000000000000000e+00
2 56 56    1.3587768000000000e-01   -3.3426770000000001e-02   -1.5318285588868203e+01    0.0000000000000000e+00
2 57 57    1.3752518000000000e-01   -3.3140691999999999e-02   -1.6675867399058927e+01    0.0000000000000000e+00
2 58 58    1.3915771999999998e-01   -3.2821907999999997e-02   -1.7971805266345584e+01    0.0000000000000000e+00
2 59 59    1.4077366999999999e-01   -3.2470733000000002e-02   -1.9206694971021179e+01    0.0000000000000000e+00
2 60 60    1.4237143999999999e-01   -3.2087512999999998e-02   -2.0381164465256532e+01    0.0000000000000000e+00
2 61 61    1.4394946000000000e-01   -3.1672627000000002e-02   -2.1495755726037949e+01    0.0000000000000000e+00
2 62 62    1.4550616999999999e-01   -3.1226482999999999e-02   -2.2550997588780778e+01    0.0000000000000000e+00
2 63 63    1.4704003999999998e-01   -3.0749523000000001e-02   -2.3547654845862880e+01    0.0000000000000000e+00
2 64 64    1.4854953999999998e-01   -3.0242216999999998e-02   -2.4486729389948430e+01    0.0000000000000000e+00
2 65 65    1.5003319999999998e-01   -2.9705064999999999e-02   -2.5369142032231263e+01    0.0000000000000000e+00
2 66 66    1.5148953999999998e-01   -2.9138598000000002e-02   -2.6196022498889718e+01    0.0000000000000000e+00
2 67 67    1.5291712999999998e-01   -2.8543374999999999e-02   -2.6968720901073588e+01    0.0000000000000000e+00
2 68 68    1.5431455999999999e-01   -2.7919982999999999e-02   -2.7688839179838364e+01    0.0000000000000000e+00
2 69 69    1.5568045000000000e-01   -2.7269036999999999e-02   -2.8357821468887479e+01    0.0000000000000000e+00
2 70 70    1.5701345999999999e-01   -2.6591179999999999e-02   -2.8977389457624788e+01    0.0000000000000000e+00
2 71 71    1.5831225999999998e-01   -2.5887080999999999e-02   -2.9549387071843114e+01    0.0000000000000000e+00
2 72 72    1.5957557999999999e-01   -2.5157433999999999e-02   -3.0075876704207250e+01    0.0000000000000000e+00
2 73 73    1.6080216999999999e-01   -2.4402960000000001e-02   -3.0558714591627780e+01    0.0000000000000000e+00
2 74 74    1.6199080999999999e-01   -2.3624402999999999e-02   -3.0999977913477785e+01    0.0000000000000000e+00
2 75 75    1.6314033999999999e-01   -2.2822532000000000e-02   -3.1401814346093740e+01    0.0000000000000000e+00
2 76 76    1.6424962999999998e-01   -2.1998137000000001e-02   -3.1766400390614248e+01    0.0000000000000000e+00
2 77 77    1.6531756000000000e-01   -2.1152033000000001e-02   -3.2096051692868599e+01    0.0000000000000000e+00
2 78 78    1.6634310999999999e-01   -2.0285055000000000e-02   -3.2392740279742995e+01    0.0000000000000000e+00
2 79 79    1.6732523999999999e-01   -1.9398057999999999e-02   -3.2658705354631380e+01    0.0000000000000000e+00
2 80 80    1.6826299000000000e-01   -1.8491917000000000e-02   -3.2896113523346287e+01    0.0000000000000000e+00
2 81 81    1.6915543999999999e-01   -1.7567526999999999e-02   -3.3107184846804756e+01    0.0000000000000000e+00
2 82 82    1.7000169999999998e-01   -1.6625799000000000e-02   -3.3293861852430901e+01    0.0000000000000000e+00
2 83 83    1.7080093999999998e-01   -1.5667665000000001e-02   -3.3458178974328263e+01    0.0000000000000000e+00
2 84 84    1.7155236999999998e-01   -1.4694067999999999e-02   -3.3602080751152606e+01    0.0000000000000000e+00
2 85 85    1.7225525000000000e-01   -1.3705970000000000e-02   -3.3727435700596402e+01    0.0000000000000000e+00
2 86 86    1.7290888999999998e-01   -1.2704345000000001e-02   -3.3836011372707965e+01    0.0000000000000000e+00
2 87 87    1.7351264000000000e-01   -1.1690183000000000e-02   -3.3929563274955129e+01    0.0000000000000000e+00
2 88 88    1.7406590000000000e-01   -1.0664484000000000e-02   -3.4009491156317267e+01    0.0000000000000000e+00
2 89 89    1.7456813999999998e-01   -9.6282611000000004e-03   -3.4077296589424542e+01    0.0000000000000000e+00
2 90 90    1.7501883999999998e-01   -8.5825359000000004e-03   -3.4134312108233509e+01    0.0000000000000000e+00
2 91 91    1.7541757999999999e-01   -7.5283407000000004e-03   -3.4181739365603867e+01    0.0000000000000000e+00
2 92 92    1.7576393999999998e-01   -6.4667159000000004e-03   -3.4220660941704864e+01    0.0000000000000000e+00
2 93 93    1.7605761000000000e-01   -5.3987093000000003e-03   -3.4252024724103457e+01    0.0000000000000000e+00
2 94 94    1.7629826999999998e-01   -4.3253748000000002e-03   -3.4276565454413294e+01    0.0000000000000000e+00
2 95 95    1.7648570000000000e-01   -3.2477716999999998e-03   -3.4294965342778262e+01    0.0000000000000000e+00
2 96 96    1.7661970999999999e-01   -2.1669634000000002e-03   -3.4307740853138824e+01    0.0000000000000000e+00
2 97 97    1.7670016999999999e-01   -1.0840165999999999e-03   -3.4315261081811023e+01    0.0000000000000000e+00
2 98 98    1.7672700000000000e-01    0.0000000000000000e+00   -3.4317745744887937e+01    0.0000000000000000e+00
2 99 99    1.7670016999999999e-01    1.0840165999999999e-03   -3.4315255941886129e+01    0.0000000000000000e+00
2 100 100    1.7661970999999999e-01    2.1669634000000002e-03   -3.4307735811541477e+01    0.0000000000000000e+00
2 101 101    1.7648570000000000e-01    3.2477716999999998e-03   -3.4294956115761394e+01    0.0000000000000000e+00
2 102 102    1.7629826999999998e-01    4.3253748000000002e-03   -3.4276556624956143e+01    0.0000000000000000e+00
2 103 103    1.7605761000000000e-01    5.3987093000000003e-03   -3.4252021502429301e+01    0.0000000000000000e+00
2 104 104    1.7576393999999998e-01    6.4667159000000004e-03   -3.4220694360150020e+01    0.0000000000000000e+00
2 105 105    1.7541757999999999e-01    7.5283407000000004e-03   -3.4181772083962016e+01    0.0000000000000000e+00
2 106 106    1.7501883999999998e-01    8.5825359000000004e-03   -3.4134289421391649e+01    0.0000000000000000e+00
2 107 107    1.7456813999999998e-01    9.6282611000000004e-03   -3.4077263741876699e+01    0.0000000000000000e+00
2 108 108    1.7406590000000000e-01    1.0664484000000000e-02   -3.4009466222990469e+01    0.0000000000000000e+00
2 109 109    1.7351264000000000e-01    1.1690183000000000e-02   -3.3929556583772424e+01    0.0000000000000000e+00
2 110 110    1.7290888999999998e-01    1.2704345000000001e-02   -3.3836084709052066e+01    0.0000000000000000e+00
2 111 111    1.7225525000000000e-01    1.3705970000000000e-02   -3.3727485004679544e+01    0.0000000000000000e+00
2 112 112    1.7155236999999998e-01    1.4694067999999999e-02   -3.3602042881069352e+01    0.0000000000000000e+00
2 113 113    1.7080093999999998e-01    1.5667665000000001e-02   -3.3458149357413006e+01    0.0000000000000000e+00
2 114 114    1.7000169999999998e-01    1.6625799000000000e-02   -3.3293846365641926e+01    0.0000000000000000e+00
2 115 115    1.6915543999999999e-01    1.7567526999999999e-02   -3.3107191649432430e+01    0.0000000000000000e+00
2 116 116    1.6826299000000000e-01    1.8491917000000000e-02   -3.2896166084140923e+01    0.0000000000000000e+00
2 117 117    1.6732523999999999e-01    1.9398057999999999e-02   -3.2658657963524583e+01    0.0000000000000000e+00
2 118 118    1.6634310999999999e-01    2.0285055000000000e-02   -3.2392709041845727e+01    0.0000000000000000e+00
2 119 119    1.6531756000000000e-01    2.1152033000000001e-02   -3.2096047974791624e+01    0.0000000000000000e+00
2 120 120    1.6424962999999998e-01    2.1998137000000001e-02   -3.1766492041671196e+01    0.0000000000000000e+00
2 121 121    1.6314033999999999e-01    2.2822532000000000e-02   -3.1401770596305767e+01    0.0000000000000000e+00
2 122 122    1.6199080999999999e-01    2.3624402999999999e-02   -3.0999937313274824e+01    0.0000000000000000e+00
2 123 123    1.6080216999999999e-01    2.4402960000000001e-02   -3.0558693607269394e+01    0.0000000000000000e+00
2 124 124    1.5957557999999999e-01    2.5157433999999999e-02   -3.0075892663171960e+01    0.0000000000000000e+00
2 125 125    1.5831225999999998e-01    2.5887080999999999e-02   -2.9549442811800770e+01    0.0000000000000000e+00
2 126 126    1.5701345999999999e-01    2.6591179999999999e-02   -2.8977343426222706e+01    0.0000000000000000e+00
2 127 127    1.5568045000000000e-01    2.7269036999999999e-02   -2.8357803598395645e+01    0.0000000000000000e+00
2 128 128    1.5431455999999999e-01    2.7919982999999999e-02   -2.7688864501324353e+01    0.0000000000000000e+00
2 129 129    1.5291712999999998e-01    2.8543374999999999e-02   -2.6968782503391704e+01    0.0000000000000000e+00
2 130 130    1.5148953999999998e-01    2.9138598000000002e-02   -2.6195970454338877e+01    0.0000000000000000e+00
2 131 131    1.5003319999999998e-01    2.9705064999999999e-02   -2.5369120205354221e+01    0.0000000000000000e+00
2 132 132    1.4854953999999998e-01    3.0242216999999998e-02   -2.4486760524007533e+01    0.0000000000000000e+00
2 133 133    1.4704003999999998e-01    3.0749523000000001e-02   -2.3547700379570877e+01    0.0000000000000000e+00
2 134 134    1.4550616999999999e-01    3.1226482999999999e-02   -2.2550968024372366e+01    0.0000000000000000e+00
2 135 135    1.4394946000000000e-01    3.1672627000000002e-02   -2.1495744453650723e+01    0.0000000000000000e+00
2 136 136    1.4237143999999999e-01    3.2087512999999998e-02   -2.0381181678444943e+01    0.0000000000000000e+00
2 137 137    1.4077366999999999e-01    3.2470733000000002e-02   -1.9206691605030784e+01    0.0000000000000000e+00
2 138 138    1.3915771999999998e-01    3.2821907999999997e-02   -1.7971809600573884e+01    0.0000000000000000e+00
2 139 139    1.3752518000000000e-01    3.3140691999999999e-02   -1.6675882577258172e+01    0.0000000000000000e+00
2 140 140    1.3587768000000000e-01    3.3426770000000001e-02   -1.5318280086115221e+01    0.0000000000000000e+00
2 141 141    1.3421684000000000e-01    3.3679859999999999e-02   -1.3898227747417552e+01    0.0000000000000000e+00
2 142 142    1.3254428999999998e-01    3.3899711999999999e-02   -1.2413959703587739e+01    0.0000000000000000e+00
2 143 143    1.3086167999999998e-01    3.4086109000000003e-02   -1.0861119297895387e+01    0.0000000000000000e+00
2 144 144    1.2972214999999998e-01    3.4192827000000002e-02   -9.7712999078181557e+00    0.0000000000000000e+00
2 145 145    8.5957213000000005e-02    3.7991246999999999e-02    3.4012269457338718e+01    0.0000000000000000e+00
2 146 146    8.5799420000000001e-02    3.8011783000000000e-02    3.4093274140887083e+01    0.0000000000000000e+00
2 147 147    8.5483911000000010e-02    3.8093937000000001e-02    3.4247182066107300e+01    0.0000000000000000e+00
2 148 148    8.5169025000000009e-02    3.8230769999999997e-02    3.4386219393469503e+01    0.0000000000000000e+00
2 149 149    8.4855073000000003e-02    3.8422146999999997e-02    3.4506593218699130e+01    0.0000000000000000e+00
2 150 150    8.4542364000000009e-02    3.8667879000000002e-02    3.4605598503929023e+01    0.0000000000000000e+00
2 151 151    8.4231208000000002e-02    3.8967723000000003e-02    3.4683265604893499e+01    0.0000000000000000e+00
2 152 152    8.3921911000000002e-02    3.9321385000000000e-02    3.4732820786257726e+01    0.0000000000000000e+00
2 153 153    8.3614778000000001e-02    3.9728513999999999e-02    3.4752443920384977e+01    0.0000000000000000e+00
2 154 154    8.3310113000000005e-02    4.0188710000000002e-02    3.4740178605327948e+01    0.0000000000000000e+00
2 155 155    8.3008217000000009e-02    4.0701517000000000e-02    3.4694346699721471e+01    0.0000000000000000e+00
2 156 156    8.2709387000000009e-02    4.1266430000000000e-02    3.4614441736798931e+01    0.0000000000000000e+00
2 157 157    8.2413918000000003e-02    4.1882890999999998e-02    3.4496088948488740e+01    0.0000000000000000e+00
2 158 158    8.2122101000000003e-02    4.2550292000000003e-02    3.4338592031509464e+01    0.0000000000000000e+00
2 159 159    8.1834226000000010e-02    4.3267974000000001e-02    3.4140905076393594e+01    0.0000000000000000e+00
2 160 160    8.1550575000000000e-02    4.4035229000000002e-02    3.3901880846924072e+01    0.0000000000000000e+00
2 161 161    8.1271429000000006e-02    4.4851299999999997e-02    3.3620646241110869e+01    0.0000000000000000e+00
2 162 162    8.0997063000000008e-02    4.5715380999999999e-02    3.3295624041276049e+01    0.0000000000000000e+00
2 163 163    8.0727749000000001e-02    4.6626620000000001e-02    3.2926050135602750e+01    0.0000000000000000e+00
2 164 164    8.0463751000000000e-02    4.7584117000000002e-02    3.2511507650409662e+01    0.0000000000000000e+00
2 165 165    8.0205330000000005e-02    4.8586928000000001e-02    3.2051477946660732e+01    0.0000000000000000e+00
2 166 166    7.9952742000000007e-02    4.9634062000000000e-02    3.1545609029601131e+01    0.0000000000000000e+00
2 167 167    7.9706236000000000e-02    5.0724486999999999e-02    3.0993387511492433e+01    0.0000000000000000e+00
2 168 168    7.9466054000000008e-02    5.1857126000000003e-02    3.0394836754252079e+01    0.0000000000000000e+00
2 169 169    7.9232434000000004e-02    5.3030861999999998e-02    2.9750063480138124e+01    0.0000000000000000e+00
2 170 170    7.9005607000000005e-02    5.4244535000000003e-02    2.9059273827619570e+01    0.0000000000000000e+00
2 171 171    7.8785796000000005e-02    5.5496948999999997e-02    2.8322638482762095e+01    0.0000000000000000e+00
2 172 172    7.8573219000000000e-02    5.6786867999999997e-02    2.7540687575086729e+01    0.0000000000000000e+00
2 173 173    7.8368084000000005e-02    5.8113018000000002e-02    2.6714129258064983e+01    0.0000000000000000e+00
2 174 174    7.8170596000000009e-02    5.9474091000000000e-02    2.5843616772106085e+01    0.0000000000000000e+00
2 175 175    7.7980947000000009e-02    6.0868743000000003e-02    2.4930009277745466e+01    0.0000000000000000e+00
2 176 176    7.7799326000000002e-02    6.2295598000000001e-02    2.3974417658526082e+01    0.0000000000000000e+00
2 177 177    7.7625912000000005e-02    6.3753247999999998e-02    2.2978046360527784e+01    0.0000000000000000e+00
2 178 178    7.7460876000000012e-02    6.5240254999999997e-02    2.1942103030320833e+01    0.0000000000000000e+00
2 179 179    7.7304380000000006e-02    6.6755150999999999e-02    2.0868025210807598e+01    0.0000000000000000e+00
2 180 180    7.7156580000000002e-02    6.8296440000000000e-02    1.9757452258411035e+01    0.0000000000000000e+00
2 181 181    7.7017621000000008e-02    6.9862602999999995e-02    1.8611978955272086e+01    0.0000000000000000e+00
2 182 182    7.6887640000000007e-02    7.1452091999999995e-02    1.7433375608736380e+01    0.0000000000000000e+00
2 183 183    7.6766766000000000e-02    7.3063341000000004e-02    1.6223627497421781e+01    0.0000000000000000e+00
2 184 184    7.6655117000000009e-02    7.4694758000000000e-02    1.4984664281799080e+01    0.0000000000000000e+00
2 185 185    7.6552805000000002e-02    7.6344732999999998e-02    1.3718548974038558e+01    0.0000000000000000e+00
2 186 186    7.6459929000000010e-02    7.8011637999999994e-02    1.2427555765253423e+01    0.0000000000000000e+00
2 187 187    7.6376583000000012e-02    7.9693828999999994e-02    1.1113876815700477e+01    0.0000000000000000e+00
2 188 188    7.6302847000000007e-02    8.1389644999999997e-02    9.7798200320079118e+00    0.0000000000000000e+00
2 189 189    7.6238793999999999e-02    8.3097411999999996e-02    8.4278802779251141e+00    0.0000000000000000e+00
2 190 190    7.6184489000000008e-02    8.4815445000000003e-02    7.0604411634487176e+00    0.0000000000000000e+00
2 191 191    7.6139984000000008e-02    8.6542048999999996e-02    5.6800291658884472e+00    0.0000000000000000e+00
2 192 192    7.6105323000000002e-02    8.8275519999999996e-02    4.2892305187519062e+00    0.0000000000000000e+00
2 193 193    7.6080541000000002e-02    9.0014146000000003e-02    2.8905679871189536e+00    0.0000000000000000e+00
2 194 194    7.6065662000000006e-02    9.1756213000000003e-02    1.4867939034424795e+00    0.0000000000000000e+00
2 195 195    7.6060701000000008e-02    9.3500000000000000e-02    8.0737572248607961e-02    0.0000000000000000e+00
