8	0
10	0.567446
12	0.642683
14	0.710257
16	0.77192
18	0.828818
20	0.881753
22	0.931313
24	0.977945
26	1.022
28	1.06376
30	1.10345
32	1.14127
34	1.17738
36	1.21192
38	1.245
40	1.27672
42	1.30719
44	1.33648
46	1.36465
48	1.39179
50	1.41794
52	1.44315
54	1.46748
56	1.49097
58	1.51365
60	1.53557
62	1.55675
64	1.57723
66	1.59704
68	1.61621
70	1.63475
72	1.6527
74	1.67008
76	1.6869
78	1.70319
80	1.71896
82	1.73423
84	1.74902
86	1.76335
88	1.77722
90	1.79065
92	1.80366
94	1.81626
96	1.82846
98	1.84027
100	1.85171
102	1.86277
104	1.87348
106	1.88385
108	1.89387
110	1.90357
112	1.91295
114	1.92202
116	1.93078
118	1.93924
120	1.94742
122	1.95531
124	1.96293
126	1.97028
128	1.97737
130	1.9842
132	1.99079
134	1.99712
136	2.00322
138	2.00909
140	2.01473
142	2.02014
144	2.02534
146	2.03032
148	2.0351
150	2.03967
152	2.04404
154	2.04821
156	2.0522
158	2.05599
160	2.05961
162	2.06304
164	2.0663
166	2.06938
168	2.0723
170	2.07505
172	2.07764
174	2.08007
176	2.08235
178	2.08447
180	2.08645
182	2.08827
184	2.08996
186	2.0915
188	2.09291
190	2.09418
192	2.09531
194	2.09632
196	2.0972
198	2.09796
200	2.09859
202	2.0991
204	2.0995
206	2.09978
208	2.09995
210	2.1
212	2.09998
214	2.0999
216	2.09979
218	2.09962
220	2.09941
222	2.09916
224	2.09886
226	2.09852
228	2.09814
230	2.09771
232	2.09725
234	2.09674
236	2.0962
238	2.09562
240	2.095
242	2.09435
244	2.09366
246	2.09293
248	2.09217
250	2.09137
252	2.09054
254	2.08968
256	2.08878
258	2.08785
260	2.0869
262	2.0859
264	2.08488
266	2.08383
268	2.08275
270	2.08164
272	2.08051
274	2.07934
276	2.07815
278	2.07693
280	2.07568
282	2.07441
284	2.07311
286	2.07178
288	2.07044
290	2.06906
292	2.06766
294	2.06624
296	2.0648
298	2.06333
300	2.06184
302	2.06033
304	2.0588
306	2.05724
308	2.05566
310	2.05407
312	2.05245
314	2.05081
316	2.04915
318	2.04748
320	2.04578
322	2.04407
324	2.04233
326	2.04058
328	2.03881
330	2.03702
332	2.03522
334	2.0334
336	2.03156
338	2.0297
340	2.02783
342	2.02594
344	2.02404
346	2.02212
348	2.02018
350	2.01824
352	2.01627
354	2.01429
356	2.0123
358	2.01029
360	2.00827
362	2.00624
364	2.00419
366	2.00213
368	2.00005
370	1.99797
372	1.99587
374	1.99375
376	1.99163
378	1.98949
380	1.98734
382	1.98518
384	1.98301
386	1.98083
388	1.97864
390	1.97643
392	1.97422
394	1.97199
396	1.96976
398	1.96751
400	1.96526
402	1.96299
404	1.96071
406	1.95843
408	1.95614
410	1.95383
412	1.95152
414	1.9492
416	1.94687
418	1.94453
420	1.94218
422	1.93983
424	1.93746
426	1.93509
428	1.93271
430	1.93033
432	1.92793
434	1.92553
436	1.92312
438	1.9207
440	1.91828
442	1.91585
444	1.91341
446	1.91097
448	1.90851
450	1.90606
452	1.90359
454	1.90112
456	1.89865
458	1.89617
460	1.89368
462	1.89119
464	1.88869
466	1.88618
468	1.88367
470	1.88116
472	1.87863
474	1.87611
476	1.87358
478	1.87104
480	1.8685
482	1.86596
484	1.86341
486	1.86085
488	1.85829
490	1.85573
492	1.85316
494	1.85059
496	1.84801
498	1.84543
500	1.84285
502	1.84026
504	1.83767
506	1.83508
508	1.83248
510	1.82988
512	1.82727
514	1.82466
516	1.82205
518	1.81944
520	1.81682
522	1.8142
524	1.81157
526	1.80894
528	1.80632
530	1.80368
532	1.80105
534	1.79841
536	1.79577
538	1.79313
540	1.79048
542	1.78784
544	1.78519
546	1.78253
548	1.77988
550	1.77723
552	1.77457
554	1.77191
556	1.76925
558	1.76658
560	1.76392
562	1.76125
564	1.75859
566	1.75592
568	1.75324
570	1.75057
572	1.7479
574	1.74522
576	1.74255
578	1.73987
580	1.73719
582	1.73451
584	1.73183
586	1.72915
588	1.72647
590	1.72378
592	1.7211
594	1.71841
596	1.71573
598	1.71304
600	1.71035
602	1.70767
604	1.70498
606	1.70229
608	1.6996
610	1.69691
612	1.69422
614	1.69153
616	1.68884
618	1.68615
620	1.68346
622	1.68077
624	1.67808
626	1.67539
628	1.6727
630	1.67001
632	1.66732
634	1.66463
636	1.66194
638	1.65925
640	1.65656
642	1.65387
644	1.65118
646	1.64849
648	1.6458
650	1.64311
652	1.64043
654	1.63774
656	1.63505
658	1.63237
660	1.62968
662	1.627
664	1.62431
666	1.62163
668	1.61895
670	1.61627
672	1.61358
674	1.6109
676	1.60823
678	1.60555
680	1.60287
682	1.60019
684	1.59752
686	1.59484
688	1.59217
690	1.5895
692	1.58683
694	1.58416
696	1.58149
698	1.57882
700	1.57616
702	1.57349
704	1.57083
706	1.56817
708	1.56551
710	1.56285
712	1.56019
714	1.55753
716	1.55488
718	1.55222
720	1.54957
722	1.54692
724	1.54427
726	1.54162
728	1.53898
730	1.53633
732	1.53369
734	1.53105
736	1.52841
738	1.52577
740	1.52314
742	1.5205
744	1.51787
746	1.51524
748	1.51261
750	1.50886
752	1.50745
754	1.50605
756	1.50465
758	1.50325
760	1.50186
762	1.50048
764	1.4991
766	1.49772
768	1.49635
770	1.49498
772	1.49362
774	1.49227
776	1.49092
778	1.48957
780	1.48823
782	1.48689
784	1.48556
786	1.48423
788	1.48291
790	1.48159
792	1.48027
794	1.47896
796	1.47766
798	1.47636
800	1.47506
802	1.47377
804	1.47248
806	1.4712
808	1.46992
810	1.46864
812	1.46737
814	1.4661
816	1.46484
818	1.46358
820	1.46233
822	1.46108
824	1.45983
826	1.45859
828	1.45735
830	1.45612
832	1.45489
834	1.45367
836	1.45244
838	1.45123
840	1.45001
842	1.4488
844	1.4476
846	1.4464
848	1.4452
850	1.444
852	1.44281
854	1.44163
856	1.44044
858	1.43926
860	1.43809
862	1.43692
864	1.43575
866	1.43458
868	1.43342
870	1.43226
872	1.43111
874	1.42996
876	1.42881
878	1.42767
880	1.42653
882	1.4254
884	1.42426
886	1.42313
888	1.42201
890	1.42089
892	1.41977
894	1.41865
896	1.41754
898	1.41643
900	1.41533
902	1.41422
904	1.41313
906	1.41203
908	1.41094
910	1.40985
912	1.40876
914	1.40768
916	1.4066
918	1.40553
920	1.40445
922	1.40338
924	1.40232
926	1.40125
928	1.40019
930	1.39914
932	1.39808
934	1.39703
936	1.39598
938	1.39494
940	1.39389
942	1.39286
944	1.39182
946	1.39079
948	1.38976
950	1.38873
952	1.3877
954	1.38668
956	1.38566
958	1.38465
960	1.38364
962	1.38263
964	1.38162
966	1.38061
968	1.37961
970	1.37861
972	1.37762
974	1.37663
976	1.37563
978	1.37465
980	1.37366
982	1.37268
984	1.3717
986	1.37072
988	1.36975
990	1.36878
992	1.36781
994	1.36684
996	1.36588
998	1.36492
1000	1.36396
1.0000000e+12 5.0000000e-01
