110.536   35   40.357 : Req(mm), Rbp(mm), L(mm)
1300.000      1 : Freq(MHz), mode
 1.     16 : delta(mm), m
19.10     19.11     0 : A1(mm), A2(mm), nA
35.60     35.61     0 : B1(mm), B2(mm), nB
21.10     21.11     0 : a1(mm), a2(mm), na
58.10   58.12     1 : b1(mm), b2(mm), nb    
0.00        30.00  -1 : l1(mm), l2(mm), nl
1.e-7     100        12 : delta freq, f_iter, n_l
-1        : r - reentrant 1.0 or no - 1.0 
28.5  28.5    1 : x_begin(mm), x_end(mm), automatic                 beta should be given in the dtr file.
----------------------------------------------------------------------------------------------------------------------------------------------------------------------------------------------------------------------------------------
  A          B            a           b           l           Req        Freq        h               rh          zh          e              re          ze         Q          Rsh        ee              he              it  RE alpha    beta        
---------------------------------------------------------------------------------------------------------------------------------------------------------------------------------------------------------------------------------------- 
  19.090 35.600 21.100 58.110 18.701 110.546 1300.000 1.653201 89.907 17.322 1.199697 35.002 40.184 16921 0.352060 2.399376 69.433919 6 -1 100.023934 0.7
 19.100 35.600 21.100 58.110 18.610 110.536 1300.000 1.653014 89.891 17.333 1.199701 35.002 40.183 16924 0.352158 2.399382 69.426025 4 -1 100.000766 0.7
 19.110 35.600 21.100 58.110 18.519 110.525 1300.000 1.652826 89.874 17.344 1.199704 35.002 40.182 16927 0.352256 2.399389 69.418149 6 -1 99.977460 0.7

 19.100 35.590 21.100 58.110 18.604 110.534 1300.000 1.652995 89.888 17.335 1.199701 35.002 40.183 16925 0.352172 2.399383 69.425227 5 -1 99.998118 0.7
 19.100 35.610 21.100 58.110 18.616 110.538 1300.000 1.653033 89.893 17.331 1.199700 35.002 40.183 16924 0.352144 2.399382 69.426836 5 -1 100.003412 0.7

 19.100 35.600 21.090 58.110 18.705 110.539 1300.000 1.652697 89.899 17.332 1.200348 35.002 40.184 16927 0.352261 2.400677 69.412713 5 -1 100.026060 0.7
 19.100 35.600 21.110 58.110 18.514 110.532 1300.000 1.653331 89.882 17.334 1.199054 35.002 40.182 16921 0.352055 2.398089 69.439377 5 -1 99.975321 0.7

 19.100 35.600 21.100 58.100 18.603 110.535 1300.000 1.653048 89.889 17.333 1.199590 35.002 40.183 16924 0.352148 2.399162 69.427461 4 -1 99.998066 0.7
 19.100 35.600 21.100 58.120 18.617 110.536 1300.000 1.652980 89.892 17.333 1.199811 35.002 40.183 16925 0.352169 2.399604 69.424607 4 -1 100.003467 0.7
